0 (93, 136) 5.865957773210084e-05 [93] [136]
1 (296, 297) 7.680759352934885e-05 [296] [297]
2 (179, 181) 0.00012160371366753964 [179] [181]
3 (292, 293) 0.00012858816170213672 [292] [293]
4 (18, 19) 0.0001428598508805834 [18] [19]
5 (211, 212) 0.0001617795615418416 [211] [212]
6 (126, 127) 0.00017652329427342295 [126] [127]
7 (335, 336) 0.00028578457743488883 [335] [336]
8 (88, 89) 0.0002895730750491765 [88] [89]
9 (244, 247) 0.0002949465516604022 [244] [247]
10 (22, 23) 0.00035479608225630344 [22] [23]
11 (277, 278) 0.00041206622759659695 [277] [278]
12 (138, 140) 0.000437809727054983 [138] [140]
13 (322, 323) 0.00043910877881492283 [322] [323]
14 (78, 82) 0.0004512343369267313 [78] [82]
15 (374, 375) 0.0005380638672658478 [374] [375]
16 (141, 142) 0.0005426395768037828 [141] [142]
17 (95, 96) 0.0005937243073508292 [95] [96]
18 (195, 198) 0.0006485701106511144 [195] [198]
19 (383, 385) 0.0006725757095873419 [383] [385]
20 (109, 110) 0.000735369469068381 [109] [110]
21 (7, 8) 0.0007386670845122012 [7] [8]
22 (287, 290) 0.0007853953652219303 [287] [290]
23 (197, 201) 0.000787195490717707 [197] [201]
24 (100, 101) 0.0008472686474823021 [100] [101]
25 (12, 13) 0.0008699200987334343 [12] [13]
26 (313, 314) 0.0008762647825890646 [313] [314]
27 (298, 299) 0.0009048992505058528 [298] [299]
28 (104, 105) 0.0009165881571866485 [104] [105]
29 (377, 379) 0.0009380277323192132 [377] [379]
30 (193, 194) 0.0009524612844931113 [193] [194]
31 (241, 242) 0.0009682438932805404 [241] [242]
32 (272, 273) 0.0010353966491183364 [272] [273]
33 (176, 177) 0.001060801483617091 [176] [177]
34 (352, 353) 0.0011163062609798047 [352] [353]
35 (29, 31) 0.001330766603577338 [29] [31]
36 (50, 51) 0.00136709207149055 [50] [51]
37 (315, 316) 0.0013986805995473972 [315] [316]
38 (90, 91) 0.0014128750995676675 [90] [91]
39 (57, 58) 0.0014663936477483652 [57] [58]
40 (260, 262) 0.0015099146146937414 [260] [262]
41 (265, 266) 0.0016044180623562276 [265] [266]
42 (186, 187) 0.001630534148904239 [186] [187]
43 (53, 54) 0.001633381489169139 [53] [54]
44 (308, 311) 0.0016403173950827465 [308] [311]
45 (98, 99) 0.0016712938745309103 [98] [99]
46 (309, 310) 0.0017962070984602896 [309] [310]
47 (305, 309) 0.0017700766124191247 [305] [309, 310]
48 (118, 119) 0.0018192582401481694 [118] [119]
49 (61, 63) 0.0018268496636846265 [61] [63]
50 (14, 15) 0.0018468659341270843 [14] [15]
51 (268, 269) 0.0018684755503866057 [268] [269]
52 (345, 388) 0.0019018986616359257 [345] [388]
53 (163, 164) 0.0019311663890984043 [163] [164]
54 (206, 207) 0.0019550207329146474 [206] [207]
55 (214, 217) 0.0019664007638517944 [214] [217]
56 (160, 161) 0.00200528307776926 [160] [161]
57 (72, 73) 0.002033979958335763 [72] [73]
58 (239, 240) 0.0020894158887654335 [239] [240]
59 (234, 235) 0.002091027663831735 [234] [235]
60 (381, 382) 0.0021235335171563285 [381] [382]
61 (366, 367) 0.002137306334228928 [366] [367]
62 (107, 133) 0.0021585553658534096 [107] [133]
63 (346, 348) 0.0022177067035062947 [346] [348]
64 (78, 83) 0.002297688945066767 [78, 82] [83]
65 (364, 365) 0.002410913367169254 [364] [365]
66 (156, 157) 0.0025466198464298984 [156] [157]
67 (220, 221) 0.0026128543898167322 [220] [221]
68 (112, 113) 0.0026417775238649632 [112] [113]
69 (251, 252) 0.0028014523064476826 [251] [252]
70 (231, 233) 0.0028519769164665476 [231] [233]
71 (122, 123) 0.002868717233805551 [122] [123]
72 (245, 246) 0.0029626667174667 [245] [246]
73 (249, 250) 0.0031024400946311204 [249] [250]
74 (2, 3) 0.00312008310687073 [2] [3]
75 (270, 274) 0.003280435775379509 [270] [274]
76 (317, 318) 0.0032805145005894154 [317] [318]
77 (84, 85) 0.0032959216397827618 [84] [85]
78 (32, 33) 0.0036182650966307683 [32] [33]
79 (93, 94) 0.003622489846064022 [93, 136] [94]
80 (306, 307) 0.003677935005992339 [306] [307]
81 (360, 362) 0.003809986730407111 [360] [362]
82 (153, 154) 0.0038990683946158455 [153] [154]
83 (65, 66) 0.003919930575186026 [65] [66]
84 (215, 218) 0.003935198984503785 [215] [218]
85 (225, 226) 0.0039685789033860885 [225] [226]
86 (227, 230) 0.004046361776850027 [227] [230]
87 (146, 148) 0.004053142290694645 [146] [148]
88 (320, 321) 0.004058475916624449 [320] [321]
89 (263, 264) 0.004084967262290462 [263] [264]
90 (79, 80) 0.004129711594397456 [79] [80]
91 (228, 229) 0.004153889685646561 [228] [229]
92 (345, 350) 0.004231186330076279 [345, 388] [350]
93 (324, 328) 0.0042738699110254075 [324] [328]
94 (285, 341) 0.0042739265134592586 [285] [341]
95 (115, 116) 0.004290238758221321 [115] [116]
96 (386, 387) 0.004547535439394679 [386] [387]
97 (342, 344) 0.004588045551211728 [342] [344]
98 (219, 223) 0.004905857928444668 [219] [223]
99 (121, 124) 0.004920172820943591 [121] [124]
100 (25, 26) 0.005004543734186573 [25] [26]
101 (6, 261) 0.005032824185037477 [6] [261]
102 (209, 210) 0.005490892396173397 [209] [210]
103 (244, 245) 0.005505699585602579 [244, 247] [245, 246]
104 (168, 170) 0.005507253117045252 [168] [170]
105 (196, 200) 0.005688810426010882 [196] [200]
106 (354, 355) 0.005737420754130529 [354] [355]
107 (144, 145) 0.0059767254639697676 [144] [145]
108 (256, 258) 0.005984538858690769 [256] [258]
109 (301, 302) 0.006034007124449126 [301] [302]
110 (55, 56) 0.006229284371776167 [55] [56]
111 (324, 332) 0.006230682226147977 [324, 328] [332]
112 (211, 215) 0.006277347934287469 [211, 212] [215, 218]
113 (369, 370) 0.006402105193204832 [369] [370]
114 (202, 203) 0.0064173948463559505 [202] [203]
115 (322, 327) 0.006562565023306395 [322, 323] [327]
116 (267, 369) 0.006568578723549952 [267] [369, 370]
117 (360, 361) 0.006619782354203056 [360, 362] [361]
118 (68, 69) 0.006630126977451134 [68] [69]
119 (46, 47) 0.006637223721131846 [46] [47]
120 (52, 53) 0.006687650807235397 [52] [53, 54]
121 (165, 166) 0.0067017520057013336 [165] [166]
122 (150, 165) 0.006136342283255066 [150] [165, 166]
123 (338, 339) 0.006813426190241945 [338] [339]
124 (357, 358) 0.00692186442082976 [357] [358]
125 (281, 286) 0.006964401745173099 [281] [286]
126 (61, 64) 0.006975187867401959 [61, 63] [64]
127 (158, 159) 0.006979012040852606 [158] [159]
128 (172, 173) 0.007264117556954552 [172] [173]
129 (107, 108) 0.007358143274911318 [107, 133] [108]
130 (324, 333) 0.007863694602024296 [324, 328, 332] [333]
131 (29, 30) 0.007910464601249187 [29, 31] [30]
132 (279, 280) 0.008058834201186027 [279] [280]
133 (76, 77) 0.008263841876766875 [76] [77]
134 (197, 199) 0.00881687236139713 [197, 201] [199]
135 (130, 131) 0.008843852363037197 [130] [131]
136 (237, 238) 0.008941116299544749 [237] [238]
137 (356, 359) 0.008961895928883301 [356] [359]
138 (152, 163) 0.00910536021280528 [152] [163, 164]
139 (92, 137) 0.00913826349924829 [92] [137]
140 (138, 139) 0.009157568110565487 [138, 140] [139]
141 (146, 147) 0.00916674030780588 [146, 148] [147]
142 (292, 294) 0.009256533844531253 [292, 293] [294]
143 (287, 289) 0.00967003861082579 [287, 290] [289]
144 (188, 189) 0.009687272078610754 [188] [189]
145 (211, 216) 0.009779819327898545 [211, 212, 215, 218] [216]
146 (373, 374) 0.009796916562153424 [373] [374, 375]
147 (288, 343) 0.009944462793431086 [288] [343]
148 (304, 305) 0.010027376093197305 [304] [305, 309, 310]
149 (283, 284) 0.01003974802940455 [283] [284]
150 (312, 313) 0.010090575889457831 [312] [313, 314]
151 (18, 20) 0.010126557336347966 [18, 19] [20]
152 (43, 44) 0.010166018549027545 [43] [44]
153 (128, 129) 0.010233006087382535 [128] [129]
154 (35, 90) 0.010238778609341933 [35] [90, 91]
155 (41, 42) 0.01029893894581102 [41] [42]
156 (326, 329) 0.010393478279430823 [326] [329]
157 (342, 345) 0.010458218960922631 [342, 344] [345, 388, 350]
158 (182, 184) 0.010543783169060461 [182] [184]
159 (231, 232) 0.010559589441397085 [231, 233] [232]
160 (9, 10) 0.010662359782172448 [9] [10]
161 (337, 340) 0.010677276261408686 [337] [340]
162 (36, 37) 0.010739420978610692 [36] [37]
163 (380, 381) 0.011247607837626314 [380] [381, 382]
164 (224, 225) 0.011315268475472115 [224] [225, 226]
165 (6, 260) 0.01147276608610115 [6, 261] [260, 262]
166 (275, 276) 0.011592430731458325 [275] [276]
167 (0, 1) 0.011671842578563574 [0] [1]
168 (106, 107) 0.011899676015325489 [106] [107, 133, 108]
169 (346, 351) 0.012006475114853643 [346, 348] [351]
170 (346, 347) 0.009280100552023773 [346, 348, 351] [347]
171 (2, 4) 0.012023007461808474 [2, 3] [4]
172 (120, 121) 0.012076808396344804 [120] [121, 124]
173 (234, 236) 0.012266847294471658 [234, 235] [236]
174 (134, 135) 0.012342190385603136 [134] [135]
175 (195, 283) 0.012441563316608098 [195, 198] [283, 284]
176 (149, 151) 0.012821738907805802 [149] [151]
177 (78, 87) 0.012848456036546274 [78, 82, 83] [87]
178 (25, 27) 0.012928720577591868 [25, 26] [27]
179 (179, 180) 0.013240567986633719 [179, 181] [180]
180 (49, 52) 0.013506950300738651 [49] [52, 53, 54]
181 (17, 18) 0.013804923457675033 [17] [18, 19, 20]
182 (102, 103) 0.013827504259825485 [102] [103]
183 (292, 295) 0.014076329831643752 [292, 293, 294] [295]
184 (155, 162) 0.014209989972418846 [155] [162]
185 (324, 331) 0.014291027336915185 [324, 328, 332, 333] [331]
186 (244, 248) 0.014533971607560758 [244, 247, 245, 246] [248]
187 (204, 205) 0.014647326441181718 [204] [205]
188 (168, 169) 0.01477912160886167 [168, 170] [169]
189 (377, 378) 0.014991418298222777 [377, 379] [378]
190 (132, 134) 0.015075233190868786 [132] [134, 135]
191 (65, 67) 0.015147048879530445 [65, 66] [67]
192 (39, 40) 0.015154014854475317 [39] [40]
193 (174, 175) 0.015429164793153927 [174] [175]
194 (281, 287) 0.015557783054690688 [281, 286] [287, 290, 289]
195 (182, 183) 0.015756175868397875 [182, 184] [183]
196 (383, 384) 0.0158764576428414 [383, 385] [384]
197 (59, 60) 0.016227828154653068 [59] [60]
198 (219, 224) 0.01644226775547102 [219, 223] [224, 225, 226]
199 (342, 349) 0.01645346309709983 [342, 344, 345, 388, 350] [349]
200 (16, 178) 0.016577990602459458 [16] [178]
201 (74, 75) 0.016630306593455213 [74] [75]
202 (190, 191) 0.01673124262620096 [190] [191]
203 (270, 271) 0.016738736984120244 [270, 274] [271]
204 (304, 308) 0.01688172928700674 [304, 305, 309, 310] [308, 311]
205 (253, 254) 0.016894485760341027 [253] [254]
206 (324, 330) 0.017024913313407868 [324, 328, 332, 333, 331] [330]
207 (43, 45) 0.017692593111661086 [43, 44] [45]
208 (2, 5) 0.01775049721702282 [2, 3, 4] [5]
209 (220, 222) 0.01803419918600409 [220, 221] [222]
210 (22, 24) 0.01807833905918521 [22, 23] [24]
211 (285, 337) 0.018269870788593472 [285, 341] [337, 340]
212 (111, 130) 0.01831341885434945 [111] [130, 131]
213 (267, 368) 0.018747214606802842 [267, 369, 370] [368]
214 (227, 228) 0.018910559742407296 [227, 230] [228, 229]
215 (102, 106) 0.01904876327630441 [102, 103] [106, 107, 133, 108]
216 (150, 167) 0.01984139137688885 [150, 165, 166] [167]
217 (70, 71) 0.019874270198608546 [70] [71]
218 (46, 49) 0.019921646483519302 [46, 47] [49, 52, 53, 54]
219 (241, 243) 0.019965572249584323 [241, 242] [243]
220 (256, 257) 0.02002244731087662 [256, 258] [257]
221 (125, 150) 0.022010177912226682 [125] [150, 165, 166, 167]
222 (214, 219) 0.02222280162395679 [214, 217] [219, 223, 224, 225, 226]
223 (179, 239) 0.022364481521746526 [179, 181, 180] [239, 240]
224 (109, 111) 0.02293357891179042 [109, 110] [111, 130, 131]
225 (270, 277) 0.023012050240441617 [270, 274, 271] [277, 278]
226 (360, 364) 0.0232771470012334 [360, 362, 361] [364, 365]
227 (84, 86) 0.023455365968599057 [84, 85] [86]
228 (372, 373) 0.023795409282719858 [372] [373, 374, 375]
229 (6, 259) 0.02388530482974079 [6, 261, 260, 262] [259]
230 (319, 320) 0.024144484252298575 [319] [320, 321]
231 (72, 76) 0.02455507983848652 [72, 73] [76, 77]
232 (72, 153) 0.018889077115290753 [72, 73, 76, 77] [153, 154]
233 (195, 197) 0.02461479300591576 [195, 198, 283, 284] [197, 201, 199]
234 (6, 7) 0.02469817390767992 [6, 261, 260, 262, 259] [7, 8]
235 (6, 204) 0.023012321420793718 [6, 261, 260, 262, 259, 7, 8] [204, 205]
236 (234, 237) 0.026331816096420102 [234, 235, 236] [237, 238]
237 (61, 62) 0.026433897162414177 [61, 63, 64] [62]
238 (383, 389) 0.02715581014691071 [383, 385, 384] [389]
239 (79, 81) 0.027263000445960788 [79, 80] [81]
240 (301, 306) 0.028002043903206857 [301, 302] [306, 307]
241 (354, 356) 0.028659497454255778 [354, 355] [356, 359]
242 (352, 354) 0.015896616930459295 [352, 353] [354, 355, 356, 359]
243 (206, 304) 0.028845386179365273 [206, 207] [304, 305, 309, 310, 308, 311]
244 (98, 100) 0.02942749367059457 [98, 99] [100, 101]
245 (38, 95) 0.03004587003932535 [38] [95, 96]
246 (195, 202) 0.031056262887395648 [195, 198, 283, 284, 197, 201, 199] [202, 203]
247 (74, 156) 0.03110123933956806 [74, 75] [156, 157]
248 (211, 220) 0.03128958390982919 [211, 212, 215, 218, 216] [220, 221, 222]
249 (268, 270) 0.031870997033090376 [268, 269] [270, 274, 271, 277, 278]
250 (46, 48) 0.03242656325089337 [46, 47, 49, 52, 53, 54] [48]
251 (292, 296) 0.032581247006302584 [292, 293, 294, 295] [296, 297]
252 (291, 292) 0.025723785850095604 [291] [292, 293, 294, 295, 296, 297]
253 (12, 174) 0.03268090636593124 [12, 13] [174, 175]
254 (315, 324) 0.032877582877547794 [315, 316] [324, 328, 332, 333, 331, 330]
255 (315, 334) 0.030225717760521537 [315, 316, 324, 328, 332, 333, 331, 330] [334]
256 (227, 241) 0.03336221908415449 [227, 230, 228, 229] [241, 242, 243]
257 (120, 122) 0.033771222746899365 [120, 121, 124] [122, 123]
258 (195, 282) 0.03382638884766089 [195, 198, 283, 284, 197, 201, 199, 202, 203] [282]
259 (149, 152) 0.03390418391559792 [149, 151] [152, 163, 164]
260 (55, 57) 0.03409577351668543 [55, 56] [57, 58]
261 (93, 132) 0.034148664035771624 [93, 136, 94] [132, 134, 135]
262 (281, 288) 0.03451531223898152 [281, 286, 287, 290, 289] [288, 343]
263 (34, 35) 0.034520298710038054 [34] [35, 90, 91]
264 (190, 192) 0.03461406288685639 [190, 191] [192]
265 (14, 16) 0.03485066268617576 [14, 15] [16, 178]
266 (102, 128) 0.03531741828653434 [102, 103, 106, 107, 133, 108] [128, 129]
267 (102, 104) 0.03415196383448813 [102, 103, 106, 107, 133, 108, 128, 129] [104, 105]
268 (342, 386) 0.037933884567581115 [342, 344, 345, 388, 350, 349] [386, 387]
269 (360, 363) 0.03863552263297557 [360, 362, 361, 364, 365] [363]
270 (92, 93) 0.038966278211623746 [92, 137] [93, 136, 94, 132, 134, 135]
271 (285, 338) 0.039108184782311074 [285, 341, 337, 340] [338, 339]
272 (195, 335) 0.0392212391078937 [195, 198, 283, 284, 197, 201, 199, 202, 203, 282] [335, 336]
273 (141, 143) 0.03961475880940283 [141, 142] [143]
274 (263, 265) 0.040063139961021545 [263, 264] [265, 266]
275 (9, 11) 0.04015042989966074 [9, 10] [11]
276 (112, 114) 0.04015503548901981 [112, 113] [114]
277 (61, 65) 0.04094813059317222 [61, 63, 64, 62] [65, 66, 67]
278 (176, 179) 0.04220177412467357 [176, 177] [179, 181, 180, 239, 240]
279 (78, 84) 0.04265923512565037 [78, 82, 83, 87] [84, 85, 86]
280 (268, 279) 0.04322162543223218 [268, 269, 270, 274, 271, 277, 278] [279, 280]
281 (168, 171) 0.044094350050873365 [168, 170, 169] [171]
282 (249, 251) 0.04443003990421731 [249, 250] [251, 252]
283 (211, 213) 0.045225463564633396 [211, 212, 215, 218, 216, 220, 221, 222] [213]
284 (267, 371) 0.046867576215991046 [267, 369, 370, 368] [371]
285 (17, 21) 0.04714504189364239 [17, 18, 19, 20] [21]
286 (195, 196) 0.04880105698984496 [195, 198, 283, 284, 197, 201, 199, 202, 203, 282, 335, 336] [196, 200]
287 (352, 357) 0.04896648515345477 [352, 353, 354, 355, 356, 359] [357, 358]
288 (2, 209) 0.04983308173594754 [2, 3, 4, 5] [209, 210]
289 (34, 36) 0.05023507853289428 [34, 35, 90, 91] [36, 37]
290 (182, 186) 0.05046663560741471 [182, 184, 183] [186, 187]
291 (149, 155) 0.050776105905819546 [149, 151, 152, 163, 164] [155, 162]
292 (380, 383) 0.05135206977066335 [380, 381, 382] [383, 385, 384, 389]
293 (315, 326) 0.05160422342640621 [315, 316, 324, 328, 332, 333, 331, 330, 334] [326, 329]
294 (72, 79) 0.05192418133481267 [72, 73, 76, 77, 153, 154] [79, 80, 81]
295 (315, 325) 0.052138069835748056 [315, 316, 324, 328, 332, 333, 331, 330, 334, 326, 329] [325]
296 (268, 272) 0.053353860640842396 [268, 269, 270, 274, 271, 277, 278, 279, 280] [272, 273]
297 (117, 118) 0.05345713212652899 [117] [118, 119]
298 (2, 208) 0.05410811629690526 [2, 3, 4, 5, 209, 210] [208]
299 (206, 312) 0.054719534827201065 [206, 207, 304, 305, 309, 310, 308, 311] [312, 313, 314]
300 (231, 234) 0.05491687063622504 [231, 233, 232] [234, 235, 236, 237, 238]
301 (301, 303) 0.05645056544888331 [301, 302, 306, 307] [303]
302 (376, 377) 0.057014411429231915 [376] [377, 379, 378]
303 (46, 50) 0.05822366784215699 [46, 47, 49, 52, 53, 54, 48] [50, 51]
304 (112, 115) 0.05827673140097911 [112, 113, 114] [115, 116]
305 (32, 34) 0.06024142299577098 [32, 33] [34, 35, 90, 91, 36, 37]
306 (120, 126) 0.06153976485545508 [120, 121, 124, 122, 123] [126, 127]
307 (0, 2) 0.06279493334743821 [0, 1] [2, 3, 4, 5, 209, 210, 208]
308 (12, 172) 0.06433113290791954 [12, 13, 174, 175] [172, 173]
309 (342, 346) 0.06446720335415898 [342, 344, 345, 388, 350, 349, 386, 387] [346, 348, 351, 347]
310 (360, 366) 0.06628133755641771 [360, 362, 361, 364, 365, 363] [366, 367]
311 (38, 97) 0.06707776744445386 [38, 95, 96] [97]
312 (190, 193) 0.06829137982545463 [190, 191, 192] [193, 194]
313 (319, 322) 0.06897271402648446 [319, 320, 321] [322, 323, 327]
314 (182, 188) 0.0702182222083182 [182, 184, 183, 186, 187] [188, 189]
315 (267, 372) 0.073353174377776 [267, 369, 370, 368, 371] [372, 373, 374, 375]
316 (211, 214) 0.07611816090949239 [211, 212, 215, 218, 216, 220, 221, 222, 213] [214, 217, 219, 223, 224, 225, 226]
317 (14, 17) 0.07815489826755964 [14, 15, 16, 178] [17, 18, 19, 20, 21]
318 (109, 168) 0.07820874061662102 [109, 110, 111, 130, 131] [168, 170, 169, 171]
319 (298, 301) 0.08011969247613515 [298, 299] [301, 302, 306, 307, 303]
320 (25, 28) 0.08046289951072172 [25, 26, 27] [28]
321 (268, 275) 0.0809437037684563 [268, 269, 270, 274, 271, 277, 278, 279, 280, 272, 273] [275, 276]
322 (78, 88) 0.09071624652959702 [78, 82, 83, 87, 84, 85, 86] [88, 89]
323 (263, 268) 0.09166373330061965 [263, 264, 265, 266] [268, 269, 270, 274, 271, 277, 278, 279, 280, 272, 273, 275, 276]
324 (182, 185) 0.09192301164825133 [182, 184, 183, 186, 187, 188, 189] [185]
325 (6, 256) 0.09571123816195493 [6, 261, 260, 262, 259, 7, 8, 204, 205] [256, 258, 257]
326 (59, 61) 0.09945876743497681 [59, 60] [61, 63, 64, 62, 65, 66, 67]
327 (244, 249) 0.10047864627449296 [244, 247, 245, 246, 248] [249, 250, 251, 252]
328 (146, 149) 0.1033324164043262 [146, 148, 147] [149, 151, 152, 163, 164, 155, 162]
329 (38, 98) 0.10505480027754528 [38, 95, 96, 97] [98, 99, 100, 101]
330 (281, 285) 0.11222082266285778 [281, 286, 287, 290, 289, 288, 343] [285, 341, 337, 340, 338, 339]
331 (317, 319) 0.11573226915479756 [317, 318] [319, 320, 321, 322, 323, 327]
332 (176, 227) 0.12142357784488533 [176, 177, 179, 181, 180, 239, 240] [227, 230, 228, 229, 241, 242, 243]
333 (120, 125) 0.12200265199479535 [120, 121, 124, 122, 123, 126, 127] [125, 150, 165, 166, 167]
334 (206, 267) 0.13337820432744446 [206, 207, 304, 305, 309, 310, 308, 311, 312, 313, 314] [267, 369, 370, 368, 371, 372, 373, 374, 375]
335 (74, 160) 0.14040817171890932 [74, 75, 156, 157] [160, 161]
336 (253, 255) 0.14655413675203555 [253, 254] [255]
337 (32, 92) 0.15378231493782177 [32, 33, 34, 35, 90, 91, 36, 37] [92, 137, 93, 136, 94, 132, 134, 135]
338 (376, 380) 0.15427983687000832 [376, 377, 379, 378] [380, 381, 382, 383, 385, 384, 389]
339 (117, 120) 0.16842655602775797 [117, 118, 119] [120, 121, 124, 122, 123, 126, 127, 125, 150, 165, 166, 167]
340 (41, 43) 0.16897527983242394 [41, 42] [43, 44, 45]
341 (206, 211) 0.17216944401585063 [206, 207, 304, 305, 309, 310, 308, 311, 312, 313, 314, 267, 369, 370, 368, 371, 372, 373, 374, 375] [211, 212, 215, 218, 216, 220, 221, 222, 213, 214, 217, 219, 223, 224, 225, 226]
342 (70, 72) 0.1743106646071637 [70, 71] [72, 73, 76, 77, 153, 154, 79, 80, 81]
343 (190, 195) 0.17533067621487888 [190, 191, 192, 193, 194] [195, 198, 283, 284, 197, 201, 199, 202, 203, 282, 335, 336, 196, 200]
344 (38, 39) 0.1756047379165644 [38, 95, 96, 97, 98, 99, 100, 101] [39, 40]
345 (102, 109) 0.1765817454230146 [102, 103, 106, 107, 133, 108, 128, 129, 104, 105] [109, 110, 111, 130, 131, 168, 170, 169, 171]
346 (12, 32) 0.178074359584532 [12, 13, 174, 175, 172, 173] [32, 33, 34, 35, 90, 91, 36, 37, 92, 137, 93, 136, 94, 132, 134, 135]
347 (0, 298) 0.18677969658232377 [0, 1, 2, 3, 4, 5, 209, 210, 208] [298, 299, 301, 302, 306, 307, 303]
348 (14, 176) 0.1922634797670383 [14, 15, 16, 178, 17, 18, 19, 20, 21] [176, 177, 179, 181, 180, 239, 240, 227, 230, 228, 229, 241, 242, 243]
349 (281, 291) 0.19983383628652512 [281, 286, 287, 290, 289, 288, 343, 285, 341, 337, 340, 338, 339] [291, 292, 293, 294, 295, 296, 297]
350 (59, 68) 0.20363819467947533 [59, 60, 61, 63, 64, 62, 65, 66, 67] [68, 69]
351 (342, 352) 0.20407718087462987 [342, 344, 345, 388, 350, 349, 386, 387, 346, 348, 351, 347] [352, 353, 354, 355, 356, 359, 357, 358]
352 (74, 158) 0.21388453061228466 [74, 75, 156, 157, 160, 161] [158, 159]
353 (315, 317) 0.214743932474068 [315, 316, 324, 328, 332, 333, 331, 330, 334, 326, 329, 325] [317, 318, 319, 320, 321, 322, 323, 327]
354 (182, 231) 0.2382092326723607 [182, 184, 183, 186, 187, 188, 189, 185] [231, 233, 232, 234, 235, 236, 237, 238]
355 (190, 263) 0.254397603428772 [190, 191, 192, 193, 194, 195, 198, 283, 284, 197, 201, 199, 202, 203, 282, 335, 336, 196, 200] [263, 264, 265, 266, 268, 269, 270, 274, 271, 277, 278, 279, 280, 272, 273, 275, 276]
356 (14, 206) 0.25491579917391716 [14, 15, 16, 178, 17, 18, 19, 20, 21, 176, 177, 179, 181, 180, 239, 240, 227, 230, 228, 229, 241, 242, 243] [206, 207, 304, 305, 309, 310, 308, 311, 312, 313, 314, 267, 369, 370, 368, 371, 372, 373, 374, 375, 211, 212, 215, 218, 216, 220, 221, 222, 213, 214, 217, 219, 223, 224, 225, 226]
357 (38, 144) 0.2619092880892685 [38, 95, 96, 97, 98, 99, 100, 101, 39, 40] [144, 145]
358 (70, 78) 0.26205515241138483 [70, 71, 72, 73, 76, 77, 153, 154, 79, 80, 81] [78, 82, 83, 87, 84, 85, 86, 88, 89]
359 (0, 6) 0.26409804103200785 [0, 1, 2, 3, 4, 5, 209, 210, 208, 298, 299, 301, 302, 306, 307, 303] [6, 261, 260, 262, 259, 7, 8, 204, 205, 256, 258, 257]
360 (22, 25) 0.28207995671655944 [22, 23, 24] [25, 26, 27, 28]
361 (342, 360) 0.31665301223653375 [342, 344, 345, 388, 350, 349, 386, 387, 346, 348, 351, 347, 352, 353, 354, 355, 356, 359, 357, 358] [360, 362, 361, 364, 365, 363, 366, 367]
362 (281, 315) 0.3246604144597452 [281, 286, 287, 290, 289, 288, 343, 285, 341, 337, 340, 338, 339, 291, 292, 293, 294, 295, 296, 297] [315, 316, 324, 328, 332, 333, 331, 330, 334, 326, 329, 325, 317, 318, 319, 320, 321, 322, 323, 327]
363 (12, 138) 0.32644370027143294 [12, 13, 174, 175, 172, 173, 32, 33, 34, 35, 90, 91, 36, 37, 92, 137, 93, 136, 94, 132, 134, 135] [138, 140, 139]
364 (102, 117) 0.3571406101802549 [102, 103, 106, 107, 133, 108, 128, 129, 104, 105, 109, 110, 111, 130, 131, 168, 170, 169, 171] [117, 118, 119, 120, 121, 124, 122, 123, 126, 127, 125, 150, 165, 166, 167]
365 (342, 376) 0.3680024696942136 [342, 344, 345, 388, 350, 349, 386, 387, 346, 348, 351, 347, 352, 353, 354, 355, 356, 359, 357, 358, 360, 362, 361, 364, 365, 363, 366, 367] [376, 377, 379, 378, 380, 381, 382, 383, 385, 384, 389]
366 (0, 9) 0.382915815233809 [0, 1, 2, 3, 4, 5, 209, 210, 208, 298, 299, 301, 302, 306, 307, 303, 6, 261, 260, 262, 259, 7, 8, 204, 205, 256, 258, 257] [9, 10, 11]
367 (46, 55) 0.39397870676698743 [46, 47, 49, 52, 53, 54, 48, 50, 51] [55, 56, 57, 58]
368 (14, 244) 0.412290926450377 [14, 15, 16, 178, 17, 18, 19, 20, 21, 176, 177, 179, 181, 180, 239, 240, 227, 230, 228, 229, 241, 242, 243, 206, 207, 304, 305, 309, 310, 308, 311, 312, 313, 314, 267, 369, 370, 368, 371, 372, 373, 374, 375, 211, 212, 215, 218, 216, 220, 221, 222, 213, 214, 217, 219, 223, 224, 225, 226] [244, 247, 245, 246, 248, 249, 250, 251, 252]
369 (102, 146) 0.4566330787432935 [102, 103, 106, 107, 133, 108, 128, 129, 104, 105, 109, 110, 111, 130, 131, 168, 170, 169, 171, 117, 118, 119, 120, 121, 124, 122, 123, 126, 127, 125, 150, 165, 166, 167] [146, 148, 147, 149, 151, 152, 163, 164, 155, 162]
370 (0, 14) 0.46010029473522723 [0, 1, 2, 3, 4, 5, 209, 210, 208, 298, 299, 301, 302, 306, 307, 303, 6, 261, 260, 262, 259, 7, 8, 204, 205, 256, 258, 257, 9, 10, 11] [14, 15, 16, 178, 17, 18, 19, 20, 21, 176, 177, 179, 181, 180, 239, 240, 227, 230, 228, 229, 241, 242, 243, 206, 207, 304, 305, 309, 310, 308, 311, 312, 313, 314, 267, 369, 370, 368, 371, 372, 373, 374, 375, 211, 212, 215, 218, 216, 220, 221, 222, 213, 214, 217, 219, 223, 224, 225, 226, 244, 247, 245, 246, 248, 249, 250, 251, 252]
371 (12, 29) 0.4670640776989015 [12, 13, 174, 175, 172, 173, 32, 33, 34, 35, 90, 91, 36, 37, 92, 137, 93, 136, 94, 132, 134, 135, 138, 140, 139] [29, 31, 30]
372 (70, 74) 0.48351272673360335 [70, 71, 72, 73, 76, 77, 153, 154, 79, 80, 81, 78, 82, 83, 87, 84, 85, 86, 88, 89] [74, 75, 156, 157, 160, 161, 158, 159]
373 (190, 281) 0.4987589240781409 [190, 191, 192, 193, 194, 195, 198, 283, 284, 197, 201, 199, 202, 203, 282, 335, 336, 196, 200, 263, 264, 265, 266, 268, 269, 270, 274, 271, 277, 278, 279, 280, 272, 273, 275, 276] [281, 286, 287, 290, 289, 288, 343, 285, 341, 337, 340, 338, 339, 291, 292, 293, 294, 295, 296, 297, 315, 316, 324, 328, 332, 333, 331, 330, 334, 326, 329, 325, 317, 318, 319, 320, 321, 322, 323, 327]
374 (38, 59) 0.5120237426871864 [38, 95, 96, 97, 98, 99, 100, 101, 39, 40, 144, 145] [59, 60, 61, 63, 64, 62, 65, 66, 67, 68, 69]
375 (41, 46) 0.53685146101613 [41, 42, 43, 44, 45] [46, 47, 49, 52, 53, 54, 48, 50, 51, 55, 56, 57, 58]
376 (0, 182) 0.5804297795966287 [0, 1, 2, 3, 4, 5, 209, 210, 208, 298, 299, 301, 302, 306, 307, 303, 6, 261, 260, 262, 259, 7, 8, 204, 205, 256, 258, 257, 9, 10, 11, 14, 15, 16, 178, 17, 18, 19, 20, 21, 176, 177, 179, 181, 180, 239, 240, 227, 230, 228, 229, 241, 242, 243, 206, 207, 304, 305, 309, 310, 308, 311, 312, 313, 314, 267, 369, 370, 368, 371, 372, 373, 374, 375, 211, 212, 215, 218, 216, 220, 221, 222, 213, 214, 217, 219, 223, 224, 225, 226, 244, 247, 245, 246, 248, 249, 250, 251, 252] [182, 184, 183, 186, 187, 188, 189, 185, 231, 233, 232, 234, 235, 236, 237, 238]
377 (102, 112) 0.6652103939025704 [102, 103, 106, 107, 133, 108, 128, 129, 104, 105, 109, 110, 111, 130, 131, 168, 170, 169, 171, 117, 118, 119, 120, 121, 124, 122, 123, 126, 127, 125, 150, 165, 166, 167, 146, 148, 147, 149, 151, 152, 163, 164, 155, 162] [112, 113, 114, 115, 116]
378 (190, 342) 0.6964198311996551 [190, 191, 192, 193, 194, 195, 198, 283, 284, 197, 201, 199, 202, 203, 282, 335, 336, 196, 200, 263, 264, 265, 266, 268, 269, 270, 274, 271, 277, 278, 279, 280, 272, 273, 275, 276, 281, 286, 287, 290, 289, 288, 343, 285, 341, 337, 340, 338, 339, 291, 292, 293, 294, 295, 296, 297, 315, 316, 324, 328, 332, 333, 331, 330, 334, 326, 329, 325, 317, 318, 319, 320, 321, 322, 323, 327] [342, 344, 345, 388, 350, 349, 386, 387, 346, 348, 351, 347, 352, 353, 354, 355, 356, 359, 357, 358, 360, 362, 361, 364, 365, 363, 366, 367, 376, 377, 379, 378, 380, 381, 382, 383, 385, 384, 389]
379 (0, 300) 0.7039462436145685 [0, 1, 2, 3, 4, 5, 209, 210, 208, 298, 299, 301, 302, 306, 307, 303, 6, 261, 260, 262, 259, 7, 8, 204, 205, 256, 258, 257, 9, 10, 11, 14, 15, 16, 178, 17, 18, 19, 20, 21, 176, 177, 179, 181, 180, 239, 240, 227, 230, 228, 229, 241, 242, 243, 206, 207, 304, 305, 309, 310, 308, 311, 312, 313, 314, 267, 369, 370, 368, 371, 372, 373, 374, 375, 211, 212, 215, 218, 216, 220, 221, 222, 213, 214, 217, 219, 223, 224, 225, 226, 244, 247, 245, 246, 248, 249, 250, 251, 252, 182, 184, 183, 186, 187, 188, 189, 185, 231, 233, 232, 234, 235, 236, 237, 238] [300]
380 (0, 253) 0.9004886959547445 [0, 1, 2, 3, 4, 5, 209, 210, 208, 298, 299, 301, 302, 306, 307, 303, 6, 261, 260, 262, 259, 7, 8, 204, 205, 256, 258, 257, 9, 10, 11, 14, 15, 16, 178, 17, 18, 19, 20, 21, 176, 177, 179, 181, 180, 239, 240, 227, 230, 228, 229, 241, 242, 243, 206, 207, 304, 305, 309, 310, 308, 311, 312, 313, 314, 267, 369, 370, 368, 371, 372, 373, 374, 375, 211, 212, 215, 218, 216, 220, 221, 222, 213, 214, 217, 219, 223, 224, 225, 226, 244, 247, 245, 246, 248, 249, 250, 251, 252, 182, 184, 183, 186, 187, 188, 189, 185, 231, 233, 232, 234, 235, 236, 237, 238, 300] [253, 254, 255]
381 (12, 38) 1.0350046900893228 [12, 13, 174, 175, 172, 173, 32, 33, 34, 35, 90, 91, 36, 37, 92, 137, 93, 136, 94, 132, 134, 135, 138, 140, 139, 29, 31, 30] [38, 95, 96, 97, 98, 99, 100, 101, 39, 40, 144, 145, 59, 60, 61, 63, 64, 62, 65, 66, 67, 68, 69]
382 (22, 41) 1.0592248366255326 [22, 23, 24, 25, 26, 27, 28] [41, 42, 43, 44, 45, 46, 47, 49, 52, 53, 54, 48, 50, 51, 55, 56, 57, 58]
383 (70, 102) 1.1229687779340283 [70, 71, 72, 73, 76, 77, 153, 154, 79, 80, 81, 78, 82, 83, 87, 84, 85, 86, 88, 89, 74, 75, 156, 157, 160, 161, 158, 159] [102, 103, 106, 107, 133, 108, 128, 129, 104, 105, 109, 110, 111, 130, 131, 168, 170, 169, 171, 117, 118, 119, 120, 121, 124, 122, 123, 126, 127, 125, 150, 165, 166, 167, 146, 148, 147, 149, 151, 152, 163, 164, 155, 162, 112, 113, 114, 115, 116]
384 (0, 190) 1.295077249492781 [0, 1, 2, 3, 4, 5, 209, 210, 208, 298, 299, 301, 302, 306, 307, 303, 6, 261, 260, 262, 259, 7, 8, 204, 205, 256, 258, 257, 9, 10, 11, 14, 15, 16, 178, 17, 18, 19, 20, 21, 176, 177, 179, 181, 180, 239, 240, 227, 230, 228, 229, 241, 242, 243, 206, 207, 304, 305, 309, 310, 308, 311, 312, 313, 314, 267, 369, 370, 368, 371, 372, 373, 374, 375, 211, 212, 215, 218, 216, 220, 221, 222, 213, 214, 217, 219, 223, 224, 225, 226, 244, 247, 245, 246, 248, 249, 250, 251, 252, 182, 184, 183, 186, 187, 188, 189, 185, 231, 233, 232, 234, 235, 236, 237, 238, 300, 253, 254, 255] [190, 191, 192, 193, 194, 195, 198, 283, 284, 197, 201, 199, 202, 203, 282, 335, 336, 196, 200, 263, 264, 265, 266, 268, 269, 270, 274, 271, 277, 278, 279, 280, 272, 273, 275, 276, 281, 286, 287, 290, 289, 288, 343, 285, 341, 337, 340, 338, 339, 291, 292, 293, 294, 295, 296, 297, 315, 316, 324, 328, 332, 333, 331, 330, 334, 326, 329, 325, 317, 318, 319, 320, 321, 322, 323, 327, 342, 344, 345, 388, 350, 349, 386, 387, 346, 348, 351, 347, 352, 353, 354, 355, 356, 359, 357, 358, 360, 362, 361, 364, 365, 363, 366, 367, 376, 377, 379, 378, 380, 381, 382, 383, 385, 384, 389]
385 (12, 22) 1.3073111775750654 [12, 13, 174, 175, 172, 173, 32, 33, 34, 35, 90, 91, 36, 37, 92, 137, 93, 136, 94, 132, 134, 135, 138, 140, 139, 29, 31, 30, 38, 95, 96, 97, 98, 99, 100, 101, 39, 40, 144, 145, 59, 60, 61, 63, 64, 62, 65, 66, 67, 68, 69] [22, 23, 24, 25, 26, 27, 28, 41, 42, 43, 44, 45, 46, 47, 49, 52, 53, 54, 48, 50, 51, 55, 56, 57, 58]
386 (12, 70) 1.8914064591414397 [12, 13, 174, 175, 172, 173, 32, 33, 34, 35, 90, 91, 36, 37, 92, 137, 93, 136, 94, 132, 134, 135, 138, 140, 139, 29, 31, 30, 38, 95, 96, 97, 98, 99, 100, 101, 39, 40, 144, 145, 59, 60, 61, 63, 64, 62, 65, 66, 67, 68, 69, 22, 23, 24, 25, 26, 27, 28, 41, 42, 43, 44, 45, 46, 47, 49, 52, 53, 54, 48, 50, 51, 55, 56, 57, 58] [70, 71, 72, 73, 76, 77, 153, 154, 79, 80, 81, 78, 82, 83, 87, 84, 85, 86, 88, 89, 74, 75, 156, 157, 160, 161, 158, 159, 102, 103, 106, 107, 133, 108, 128, 129, 104, 105, 109, 110, 111, 130, 131, 168, 170, 169, 171, 117, 118, 119, 120, 121, 124, 122, 123, 126, 127, 125, 150, 165, 166, 167, 146, 148, 147, 149, 151, 152, 163, 164, 155, 162, 112, 113, 114, 115, 116]
387 (12, 141) 3.09399157653725 [12, 13, 174, 175, 172, 173, 32, 33, 34, 35, 90, 91, 36, 37, 92, 137, 93, 136, 94, 132, 134, 135, 138, 140, 139, 29, 31, 30, 38, 95, 96, 97, 98, 99, 100, 101, 39, 40, 144, 145, 59, 60, 61, 63, 64, 62, 65, 66, 67, 68, 69, 22, 23, 24, 25, 26, 27, 28, 41, 42, 43, 44, 45, 46, 47, 49, 52, 53, 54, 48, 50, 51, 55, 56, 57, 58, 70, 71, 72, 73, 76, 77, 153, 154, 79, 80, 81, 78, 82, 83, 87, 84, 85, 86, 88, 89, 74, 75, 156, 157, 160, 161, 158, 159, 102, 103, 106, 107, 133, 108, 128, 129, 104, 105, 109, 110, 111, 130, 131, 168, 170, 169, 171, 117, 118, 119, 120, 121, 124, 122, 123, 126, 127, 125, 150, 165, 166, 167, 146, 148, 147, 149, 151, 152, 163, 164, 155, 162, 112, 113, 114, 115, 116] [141, 142, 143]
388 (0, 12) 8.403306438585314 [0, 1, 2, 3, 4, 5, 209, 210, 208, 298, 299, 301, 302, 306, 307, 303, 6, 261, 260, 262, 259, 7, 8, 204, 205, 256, 258, 257, 9, 10, 11, 14, 15, 16, 178, 17, 18, 19, 20, 21, 176, 177, 179, 181, 180, 239, 240, 227, 230, 228, 229, 241, 242, 243, 206, 207, 304, 305, 309, 310, 308, 311, 312, 313, 314, 267, 369, 370, 368, 371, 372, 373, 374, 375, 211, 212, 215, 218, 216, 220, 221, 222, 213, 214, 217, 219, 223, 224, 225, 226, 244, 247, 245, 246, 248, 249, 250, 251, 252, 182, 184, 183, 186, 187, 188, 189, 185, 231, 233, 232, 234, 235, 236, 237, 238, 300, 253, 254, 255, 190, 191, 192, 193, 194, 195, 198, 283, 284, 197, 201, 199, 202, 203, 282, 335, 336, 196, 200, 263, 264, 265, 266, 268, 269, 270, 274, 271, 277, 278, 279, 280, 272, 273, 275, 276, 281, 286, 287, 290, 289, 288, 343, 285, 341, 337, 340, 338, 339, 291, 292, 293, 294, 295, 296, 297, 315, 316, 324, 328, 332, 333, 331, 330, 334, 326, 329, 325, 317, 318, 319, 320, 321, 322, 323, 327, 342, 344, 345, 388, 350, 349, 386, 387, 346, 348, 351, 347, 352, 353, 354, 355, 356, 359, 357, 358, 360, 362, 361, 364, 365, 363, 366, 367, 376, 377, 379, 378, 380, 381, 382, 383, 385, 384, 389] [12, 13, 174, 175, 172, 173, 32, 33, 34, 35, 90, 91, 36, 37, 92, 137, 93, 136, 94, 132, 134, 135, 138, 140, 139, 29, 31, 30, 38, 95, 96, 97, 98, 99, 100, 101, 39, 40, 144, 145, 59, 60, 61, 63, 64, 62, 65, 66, 67, 68, 69, 22, 23, 24, 25, 26, 27, 28, 41, 42, 43, 44, 45, 46, 47, 49, 52, 53, 54, 48, 50, 51, 55, 56, 57, 58, 70, 71, 72, 73, 76, 77, 153, 154, 79, 80, 81, 78, 82, 83, 87, 84, 85, 86, 88, 89, 74, 75, 156, 157, 160, 161, 158, 159, 102, 103, 106, 107, 133, 108, 128, 129, 104, 105, 109, 110, 111, 130, 131, 168, 170, 169, 171, 117, 118, 119, 120, 121, 124, 122, 123, 126, 127, 125, 150, 165, 166, 167, 146, 148, 147, 149, 151, 152, 163, 164, 155, 162, 112, 113, 114, 115, 116, 141, 142, 143]
