99.0 100.0 5.52587687785433e-06 2.0
120.0 121.0 0.0001251907056407653 2.0
26.0 27.0 0.0001690874214652638 2.0
37.0 38.0 0.00022918552350059684 2.0
56.0 57.0 0.0002538092432273764 2.0
70.0 73.0 0.00025573884047247475 2.0
130.0 132.0 0.00037864317073399434 2.0
6.0 7.0 0.00046995704119590087 2.0
203.0 204.0 0.0007790039362896017 2.0
150.0 151.0 0.0008393491713425405 2.0
160.0 163.0 0.001061008750236958 2.0
210.0 213.0 0.0010651940142700767 2.0
128.0 129.0 0.0011116483689703749 2.0
8.0 9.0 0.0014333247138216265 2.0
64.0 65.0 0.0015638234773254212 2.0
103.0 104.0 0.001621014767523743 2.0
116.0 117.0 0.0018220006284885848 2.0
184.0 186.0 0.0018823117033610615 2.0
195.0 196.0 0.001977344765299538 2.0
171.0 172.0 0.0020530544864274525 2.0
16.0 17.0 0.00210623036388613 2.0
74.0 75.0 0.002622383603375411 2.0
147.0 149.0 0.00270424640744249 2.0
68.0 69.0 0.0028372042052806634 2.0
90.0 91.0 0.0033876539533133077 2.0
152.0 153.0 0.003753974991996145 2.0
164.0 165.0 0.0041446881381999034 2.0
123.0 131.0 0.004470688312975035 2.0
15.0 205.0 0.004509254765820536 2.0
96.0 97.0 0.0047130781508832875 2.0
137.0 138.0 0.004937378945461202 2.0
23.0 24.0 0.005237631586917146 2.0
143.0 144.0 0.005324215808570454 2.0
76.0 77.0 0.005646714456550406 2.0
187.0 188.0 0.005778437660886926 2.0
211.0 212.0 0.00596687021427611 2.0
54.0 55.0 0.006098667885907183 2.0
141.0 142.0 0.0061300591816082495 2.0
140.0 146.0 0.006210790334633565 2.0
21.0 22.0 0.007068697154405168 2.0
35.0 36.0 0.0071054269266763725 2.0
133.0 134.0 0.007338500975667017 2.0
175.0 176.0 0.007428873601289965 2.0
154.0 240.0 0.007572767959880711 3.0
156.0 157.0 0.007821867596885301 2.0
197.0 198.0 0.007991258305450444 2.0
59.0 60.0 0.00800978325010071 2.0
84.0 85.0 0.008022973402113553 2.0
206.0 207.0 0.00805953671052606 2.0
108.0 109.0 0.008088170745752521 2.0
114.0 115.0 0.008607418455121252 2.0
87.0 88.0 0.008687584210588462 2.0
62.0 63.0 0.008816884277164316 2.0
40.0 41.0 0.00912145099527617 2.0
125.0 145.0 0.00923916072624209 2.0
50.0 52.0 0.01045975884711492 2.0
148.0 237.0 0.010805869074082208 3.0
12.0 13.0 0.010818011545437933 2.0
48.0 49.0 0.01081901103435845 2.0
18.0 19.0 0.011136633545782537 2.0
89.0 93.0 0.01156726967913091 2.0
33.0 34.0 0.012580846548346791 2.0
189.0 190.0 0.013105065813515449 2.0
51.0 270.0 0.013618099118693161 3.0
173.0 174.0 0.013676169730980181 2.0
10.0 11.0 0.013785883622038586 2.0
111.0 112.0 0.013799524879234859 2.0
2.0 3.0 0.013914828213326569 2.0
78.0 79.0 0.01428341408313516 2.0
161.0 162.0 0.01536095488881628 2.0
180.0 181.0 0.015548521855493824 2.0
66.0 67.0 0.01626482298785259 2.0
118.0 119.0 0.016380066209459976 2.0
83.0 262.0 0.016394331229391268 3.0
42.0 43.0 0.017167912968098165 2.0
0.0 1.0 0.018003929590642453 2.0
185.0 231.0 0.018959155496592883 3.0
46.0 47.0 0.019740039880407068 2.0
20.0 246.0 0.020055003232991364 3.0
80.0 81.0 0.021279778988917197 2.0
4.0 5.0 0.022236302808050112 2.0
113.0 281.0 0.022372924530274174 3.0
61.0 228.0 0.022384559457390818 3.0
158.0 159.0 0.02239672340892529 2.0
200.0 201.0 0.022434493680574263 2.0
182.0 183.0 0.02260562709858771 2.0
94.0 275.0 0.022839233913745982 3.0
167.0 168.0 0.02309381043055936 2.0
177.0 179.0 0.02332691862056535 2.0
106.0 107.0 0.023537377639528678 2.0
30.0 31.0 0.02533215729654259 2.0
102.0 214.0 0.02584016613146778 3.0
44.0 45.0 0.028314012785276788 2.0
136.0 245.0 0.031134033262392835 3.0
71.0 72.0 0.03114708912843467 2.0
192.0 193.0 0.03129617697151055 2.0
98.0 244.0 0.032601216369810615 3.0
122.0 242.0 0.03282897360264503 3.0
92.0 301.0 0.03389254967530301 4.0
191.0 310.0 0.03421398418653743 3.0
220.0 256.0 0.034520611036910065 4.0
139.0 253.0 0.03582196544096883 3.0
14.0 243.0 0.037533051762377756 3.0
199.0 260.0 0.03910395170556691 3.0
110.0 318.0 0.035356568128412036 4.0
178.0 303.0 0.03921707831352372 3.0
219.0 236.0 0.04047482764004673 4.0
101.0 229.0 0.04384293560947761 3.0
155.0 258.0 0.04562810491283716 4.0
32.0 255.0 0.04719966296220335 3.0
208.0 209.0 0.04949632523119485 2.0
194.0 314.0 0.052401329185181623 4.0
105.0 304.0 0.05383546739936351 3.0
286.0 309.0 0.05579425813463357 4.0
124.0 315.0 0.06102624344642127 5.0
254.0 293.0 0.061390299665574855 5.0
238.0 328.0 0.0646867271930423 6.0
166.0 302.0 0.06480592991528566 3.0
249.0 277.0 0.06641701163328617 4.0
247.0 269.0 0.06818680724456871 4.0
58.0 218.0 0.07121136449344867 3.0
239.0 266.0 0.07348464140722277 4.0
306.0 322.0 0.07899257979577756 6.0
169.0 170.0 0.07929025556473279 2.0
221.0 227.0 0.08159544765878768 4.0
95.0 313.0 0.08181610948150264 5.0
202.0 317.0 0.0842676600513969 4.0
135.0 308.0 0.08631784488851313 4.0
126.0 127.0 0.0865144466310177 2.0
264.0 326.0 0.08793299609994454 6.0
222.0 319.0 0.09590437976499011 6.0
235.0 282.0 0.09739733529346806 4.0
297.0 331.0 0.09767382760070371 9.0
276.0 324.0 0.09983334339457521 5.0
29.0 305.0 0.10182550469231177 3.0
248.0 283.0 0.1039266498123248 4.0
312.0 329.0 0.10515971074460127 8.0
230.0 287.0 0.10745610335617084 4.0
25.0 294.0 0.11073466581471925 3.0
271.0 316.0 0.11158339862917026 6.0
250.0 325.0 0.11197632001676738 4.0
299.0 345.0 0.11225531748374991 8.0
86.0 336.0 0.11924697915044291 5.0
224.0 284.0 0.1201427501793807 4.0
233.0 332.0 0.12516980175090708 5.0
39.0 217.0 0.1299258213514891 3.0
295.0 327.0 0.13370510722186588 5.0
225.0 355.0 0.13791847979435634 6.0
291.0 300.0 0.13870408404626575 5.0
251.0 335.0 0.1420725276909526 5.0
223.0 323.0 0.14829705880005967 6.0
241.0 359.0 0.1516508815656883 7.0
348.0 349.0 0.15227670800913193 8.0
216.0 353.0 0.15236737973630668 5.0
320.0 363.0 0.15282451917361098 8.0
232.0 356.0 0.15328756380980976 10.0
340.0 357.0 0.15343410629411555 10.0
333.0 337.0 0.15892756245032408 10.0
53.0 278.0 0.17022349119645583 4.0
346.0 361.0 0.17316907024436534 9.0
272.0 280.0 0.17716146713747805 4.0
285.0 369.0 0.17874837090510803 10.0
334.0 354.0 0.1854762601192507 10.0
226.0 351.0 0.1903581377748535 10.0
267.0 347.0 0.1907949283826476 11.0
298.0 358.0 0.19844808229039007 6.0
341.0 362.0 0.1993037101568173 10.0
257.0 279.0 0.1999090439690372 4.0
343.0 377.0 0.20453279437252642 12.0
268.0 289.0 0.20527884676718355 4.0
234.0 330.0 0.21221304208291825 7.0
290.0 368.0 0.21692778996747658 7.0
259.0 365.0 0.22431204528134488 8.0
215.0 378.0 0.22729653594498442 12.0
321.0 350.0 0.2297463759690453 8.0
263.0 370.0 0.23608236917169245 12.0
364.0 373.0 0.24305474197082383 9.0
311.0 371.0 0.24774737753851922 13.0
338.0 366.0 0.2547402605508467 9.0
274.0 385.0 0.2562715695982907 9.0
288.0 386.0 0.27748844379145954 10.0
265.0 296.0 0.2860922174425125 5.0
261.0 379.0 0.3009365049663588 13.0
344.0 372.0 0.30161107807213544 16.0
273.0 391.0 0.32769310924156225 11.0
352.0 380.0 0.4487342865594225 10.0
383.0 388.0 0.4710343750200486 24.0
339.0 393.0 0.487255576628309 13.0
292.0 384.0 0.5262647446375676 6.0
360.0 367.0 0.5593539538770405 11.0
342.0 401.0 0.5822981038247684 28.0
374.0 398.0 0.6277622066338542 25.0
381.0 390.0 0.7476819143663969 22.0
252.0 405.0 0.7939438321734513 30.0
392.0 395.0 0.8965215229080986 23.0
387.0 408.0 0.9047937041195853 38.0
389.0 397.0 0.9668654920806807 21.0
307.0 403.0 0.9703022552700957 8.0
375.0 402.0 0.9910282127590757 17.0
394.0 407.0 0.9934850404809022 31.0
376.0 382.0 1.0325653104953882 14.0
396.0 406.0 1.1911792034385922 30.0
409.0 416.0 1.6851427070181815 53.0
414.0 417.0 2.112516119063088 84.0
399.0 404.0 2.3806700092616717 22.0
400.0 410.0 2.39666496315754 48.0
415.0 418.0 2.516293135761358 98.0
413.0 421.0 2.8725108687102607 115.0
412.0 419.0 3.196464956086486 30.0
411.0 423.0 5.351752532858178 51.0
422.0 424.0 17.612081898930843 166.0
420.0 425.0 23.663930971084095 214.0
